SimpleIteratedLocalSearch
n = 40: 
108 108 108 108 108 108 108 108 108 108 108 108 108 108 108 108 108 108 108 108 Average: 2626 ms.
n = 41: 
108 108 108 108 108 108 108 108 108 108 108 108 108 108 108 108 108 108 108 108 Average: 8635 ms.
n = 42: 
101 101 101 101 101 101 101 101 101 101 101 101 101 101 101 101 101 101 101 101 Average: 5504 ms.
n = 43: 
109 109 109 109 109 109 109 109 109 109 109 109 109 109 109 109 109 109 109 109 Average: 23901 ms.
n = 44: 
122 122 122 122 122 122 122 122 122 122 122 122 122 122 122 122 122 122 122 122 Average: 7906 ms.

VariableNeighborhood
n = 40: 
108 108 108 108 108 108 108 108 108 108 108 108 108 108 108 108 108 108 108 108 Average: 1897 ms.
n = 41: 
108 108 108 108 108 108 108 108 108 108 108 108 108 108 108 108 108 108 108 108 Average: 5829 ms.
n = 42: 
101 101 101 101 101 101 101 101 101 101 101 101 101 101 101 101 101 101 101 101 Average: 4613 ms.
n = 43: 
109 109 109 109 109 109 109 109 109 109 109 109 109 109 109 109 109 109 109 109 Average: 13883 ms.
n = 44: 
122 122 122 122 122 122 122 122 122 122 122 122 122 122 122 122 122 122 122 122 Average: 3943 ms.

SimulatedAnnealing:
n = 40: 
108 108 108 108 108 108 108 108 108 108 108 108 108 108 108 108 108 108 108 108 Average: 861 ms.
n = 41: 
108 108 108 108 108 108 108 108 108 108 108 108 108 108 108 108 108 108 108 108 Average: 4018 ms.
n = 42: 
101 101 101 101 101 101 101 101 101 101 101 101 101 101 101 101 101 101 101 101 Average: 2740 ms.
n = 43: 
109 109 109 109 109 109 109 109 109 109 109 109 109 109 109 109 109 109 109 109 Average: 13027 ms.
n = 44: 
122 122 122 122 122 122 122 122 122 122 122 122 122 122 122 122 122 122 122 122 Average: 3002 ms.

TSv7
n = 40: 
108 108 108 108 108 108 108 108 108 108 108 108 108 108 108 108 108 108 108 108 Average: 479 ms.
n = 41: 
108 108 108 108 108 108 108 108 108 108 108 108 108 108 108 108 108 108 108 108 Average: 1780 ms.
n = 42: 
101 101 101 101 101 101 101 101 101 101 101 101 101 101 101 101 101 101 101 101 Average: 1130 ms.
n = 43: 
109 109 109 109 109 109 109 109 109 109 109 109 109 109 109 109 109 109 109 109 Average: 6753 ms.
n = 44: 
122 122 122 122 122 122 122 122 122 122 122 122 122 122 122 122 122 122 122 122 Average: 1360 ms.

